,temp,objective,weight,percent_annealed
0,4000,30914.0,2044.5,0.9401279707495429
1,3900,29435.600000000002,1964.5000000000002,0.9450236966824644
2,3800,31240.2,2059.5,0.9502133712660028
3,3700,36969.4,2354.5,0.9407649253731343
4,3600,33188.50000000001,2159.1000000000004,0.9341486359360301
5,3500,30365.5,2014.2,0.9469445760303173
6,3400,30711.299999999996,2034.3999999999999,0.9346099953292853
7,3300,30339.2,2016.2,0.9345488546049556
8,3200,34330.8,2218.3,0.925635103926097
9,3100,34806.6,2239.8,0.9311627906976744
10,3000,30462.8,2023.6,0.9387947269303202
11,2900,27334.2,1863.6,0.9241443108233117
12,2800,32335.3,2118.1,0.9201468563561267
13,2700,31686.399999999998,2084.7,0.9220839096357769
14,2600,32411.4,2120.6,0.9159049360146252
15,2500,29964.6,1993.4,0.9212598425196851
16,2400,28289.8,1909.1,0.9079726651480637
17,2300,29543.300000000003,1973.1000000000001,0.9202566452795601
18,2200,26414.5,1815.4,0.9081400636653024
19,2100,31827.3,2091.0,0.8992386923421406
20,2000,32924.7,2147.3,0.9154865235267245
21,1900,29716.200000000004,1980.5000000000002,0.9011786038077969
22,1800,31900.0,2093.4,0.8870682019486271
23,1700,30728.999999999996,2034.3999999999999,0.892904953145917
24,1600,27351.7,1865.2,0.8592943201376936
25,1500,27025.900000000005,1847.1000000000001,0.8665797479356802
26,1400,27614.2,1876.0,0.8721183123096998
27,1300,30227.09999999999,2010.3999999999996,0.851271186440678
28,1200,28670.4,1925.9,0.8297872340425532
29,1100,28098.700000000004,1898.8000000000002,0.8418839360807401
30,1000,25579.6,1774.6,0.8136975132490828
31,900,28926.09999999999,1940.2999999999997,0.8033640368442131
32,800,26006.1,1794.3,0.7862776025236593
33,700,25377.199999999997,1760.3999999999999,0.7338472834067548
34,600,24359.9,1708.0,0.6793607616456987
35,500,23157.899999999998,1648.1999999999998,0.6510721247563352
36,400,20194.0,1502.0,0.6109068627450981
37,300,17615.2,1365.7,0.5084269662921348
38,200,6723.7,811.5,0.36682113067655236
39,100,914.799999999999,517.3,0.2292935094773119
40,90,701.9999999999991,504.29999999999995,0.22093023255813954
41,80,640.8,494.9,0.23115113728206904
42,70,1182.4000000000015,530.3000000000001,0.21583432207960307
43,60,652.2,493.7,0.21616052060737528
44,50,667.3999999999997,503.7,0.21366688325752653
45,40,862.3,509.0,0.21657291215923843
46,30,658.3999999999993,501.09999999999997,0.19798856241372512
47,20,637.4,495.5,0.18529493471617742
48,10,555.9,496.9,0.1488524103097378
49,9,544.7,498.80000000000007,0.13995140576188822
50,8,528.2,498.7,0.13159958180867748
51,7,455.4,480.6,0.12266099635479952
52,6,538.8,492.6,0.10947908703723927
53,5,505.3,493.1,0.09154513652264777
54,4,435.5,499.6,0.07311725801147367
55,3,429.7999999999986,500.19999999999993,0.05641820487529942
56,2,342.0,499.7,0.029622957148372153
57,1,286.5,499.7,0.009031053707020509
58,0.99,298.7000000000005,500.1,0.008545715798230356
59,0.98,280.60000000000014,499.99999999999994,0.007278130351566435
60,0.97,277.69999999999993,499.1,0.005581114714533524
61,0.96,287.0,497.4,0.006516870895503611
62,0.95,283.0999999999999,498.20000000000005,0.006542361792607131
63,0.94,287.60000000000036,500.1,0.006289466401670482
64,0.9299999999999999,286.20000000000005,498.79999999999995,0.00659501094973192
65,0.9199999999999999,283.30000000000007,499.5,0.005403910923440406
66,0.9099999999999999,290.70000000000005,499.4,0.005403231886607524
67,0.8999999999999999,287.20000000000005,495.80000000000007,0.0059862166104934856
68,0.8899999999999999,283.30000000000007,498.9,0.0068955103684316486
69,0.8799999999999999,278.4,498.4,0.005909273787970228
70,0.8699999999999999,280.70000000000005,499.6,0.005075121853173208
71,0.8599999999999999,284.39999999999986,497.9,0.0054037751024203886
72,0.8499999999999999,271.0,499.7,0.005707102451288497
73,0.8399999999999999,273.9,499.7,0.004545454545454545
74,0.8299999999999998,270.29999999999995,499.2,0.004142502071251036
75,0.8199999999999998,272.30000000000007,499.5,0.004394555773190699
76,0.8099999999999998,276.5,499.0,0.003738552251913185
77,0.7999999999999998,277.4,499.9,0.0043180277659227275
78,0.7899999999999998,290.9,499.6,0.004697194242797217
79,0.7799999999999998,277.1,499.4,0.005050631957182702
80,0.7699999999999998,269.70000000000005,499.99999999999994,0.0046721929163526755
81,0.7599999999999998,266.29999999999995,498.09999999999997,0.0031848731066305546
82,0.7499999999999998,271.79999999999995,499.7,0.003336008829136149
83,0.7399999999999998,269.80000000000007,499.90000000000003,0.0031848731066305546
84,0.7299999999999998,277.0,499.80000000000007,0.003185192616372392
85,0.7199999999999998,269.9000000000001,499.2,0.0036879076768690415
86,0.7099999999999997,274.5999999999999,499.29999999999995,0.003966361240115476
87,0.6999999999999997,270.5,500.0,0.0030589474212070304
88,0.6899999999999997,268.9000000000001,499.5,0.0029335071707953064
89,0.6799999999999997,269.1,500.0,0.0027573068631874466
90,0.6699999999999997,272.19999999999993,499.8,0.002355771640519272
91,0.6599999999999997,270.70000000000005,499.8,0.002481203007518797
92,0.6499999999999997,269.29999999999995,499.9,0.0019790074901675893
93,0.6399999999999997,269.9000000000001,499.29999999999995,0.002606712284131639
94,0.6299999999999997,276.5,497.6,0.0025315186605509186
95,0.6199999999999997,274.0999999999999,499.0,0.001878804579273028
96,0.6099999999999997,272.79999999999995,499.6,0.001426926350573274
97,0.5999999999999996,272.0,499.40000000000003,0.0014020329477742728
98,0.5899999999999996,272.4,499.6,0.0016778943677844282
99,0.5799999999999996,265.9000000000001,499.7,0.0018786163364476617
100,0.5699999999999996,267.4000000000001,499.70000000000005,0.0012515018021625952
101,0.5599999999999996,270.5,499.7,0.0011262670504317356
102,0.5499999999999996,268.4000000000001,499.0,0.0012765637906435384
103,0.5399999999999996,268.70000000000005,499.0,0.0008758101243650377
104,0.5299999999999996,268.0,499.8,0.0006754559327546094
105,0.5199999999999996,269.79999999999995,499.0,0.0005503164319483703
106,0.5099999999999996,269.5999999999999,500.0,0.0014270692504130989
107,0.49999999999999956,269.9,500.0,0.0006253908692933083
108,0.4499999999999996,267.29999999999995,497.90000000000003,0.0013016596160104132
109,0.4049999999999997,265.9000000000001,499.7,0.0010761838021824007
110,0.3644999999999997,265.9000000000001,499.7,0.0003251056593392853
111,0.32804999999999973,265.9000000000001,499.7,0.00030009002700810244
112,0.29524499999999976,266.29999999999995,500.0,0.00030009002700810244
113,0.2657204999999998,265.9000000000001,499.7,0.00010001000100010001
114,0.23914844999999982,265.9000000000001,499.7,2.500062501562539e-05
115,0.21523360499999983,265.9000000000001,499.7,7.500562542190664e-05
116,0.19371024449999985,265.9000000000001,499.7,5.000250012500625e-05
117,0.17433922004999988,265.9000000000001,499.7,0.0
